Accuracy: 0.1111111111111111
Precision: 0.1111111111111111
Recall: 0.1111111111111111
F1 Score: 0.1111111111111111

Classification Report:
              precision    recall  f1-score   support

           2       0.00      0.00      0.00         1
           4       0.00      0.00      0.00         0
           5       0.00      0.00      0.00         0
           6       0.00      0.00      0.00         1
           7       0.00      0.00      0.00         1
          11       0.00      0.00      0.00         0
          12       0.00      0.00      0.00         1
          15       0.00      0.00      0.00         0
          19       0.00      0.00      0.00         1
          21       0.00      0.00      0.00         0
          22       0.00      0.00      0.00         1
          24       0.00      0.00      0.00         1
          25       0.00      0.00      0.00         0
          26       0.00      0.00      0.00         0
          38       1.00      1.00      1.00         1
          39       0.00      0.00      0.00         0
          40       0.00      0.00      0.00         1

    accuracy                           0.11         9
   macro avg       0.06      0.06      0.06         9
weighted avg       0.11      0.11      0.11         9
